%20s normal speed walk

 Sample1 = [


-2 18 -224


-2 14 -231


6 5 -241


14 1 -246


12 2 -239


-1 13 -241


-1 12 -240


4 12 -241


7 11 -242


1 21 -243


-10 31 -236


-11 30 -225


0 20 -222


4 12 -229


1 12 -231


-8 26 -239


-10 31 -251


-5 28 -247


-4 19 -232


-17 16 -220


-25 17 -220


-27 26 -236


-23 27 -246


-15 23 -243


-12 18 -236


-17 17 -234


-20 19 -236


-30 24 -233


-31 17 -236


-24 9 -232


-20 8 -237


-19 13 -244


-25 20 -247


-27 19 -249


-23 9 -238


-19 7 -243


-13 6 -256


-4 6 -270


-6 13 -285


3 11 -275


13 2 -268


12 2 -261


18 3 -262


23 1 -275


27 -4 -268


33 -9 -245


31 -1 -235


42 2 -250


53 0 -261


48 -2 -244


43 -3 -240


37 -2 -233


29 -3 -224


29 1 -225


41 3 -239


56 0 -259


61 -8 -245


44 -15 -210


17 -7 -198


-1 5 -206


-1 4 -220


6 0 -221


4 -1 -221


2 -2 -226


-1 0 -229


-3 0 -229


-2 0 -228


-4 -3 -229


-8 -4 -226


-15 -3 -230


-23 4 -233


-20 2 -233


-14 0 -230


-7 -7 -244


1 -9 -265


5 -9 -283


1 -8 -289


-7 -9 -276


-18 6 -264


-18 26 -273


3 44 -292


41 49 -323


83 37 -336


94 25 -309


56 29 -248


19 37 -197


6 44 -181


13 54 -203


30 47 -218


39 37 -216


37 24 -210


33 11 -203


25 5 -202


7 8 -197


-5 12 -194


-7 14 -205


-3 16 -222


-3 17 -231


-6 20 -232


-16 23 -227


-16 19 -227


-10 10 -229


-10 5 -233


-14 2 -234


-18 2 -234


-22 0 -234


-20 -9 -240


-12 -15 -246


-14 -8 -253


-14 -2 -265


-2 -9 -267


17 -32 -277


23 -47 -270


23 -53 -270


27 -28 -286


57 -11 -322


89 -22 -306


94 -29 -254


75 -15 -228


64 0 -251


65 8 -264


61 8 -250


46 6 -236


28 0 -212


17 -7 -190


12 -10 -178


4 -6 -187


3 1 -209


6 3 -223


3 5 -218


0 2 -211


-3 1 -219


-4 -1 -223


-6 -1 -221


-13 -10 -216


-19 -27 -221


-16 -42 -233


-11 -49 -249


-9 -52 -272


-9 -54 -283


1 -62 -301



2 -60 -317


-6 -51 -313


-23 -40 -287


-31 -30 -282


-6 -24 -295


33 -25 -302


55 -21 -292


71 -5 -284


89 13 -289


71 33 -266


50 35 -218


38 32 -188


35 29 -197


46 13 -204


47 2 -206


39 -4 -192


31 -13 -176


22 -16 -163


15 -22 -154


19 -28 -164


15 -24 -187


4 -12 -213


-6 0 -227


1 -3 -235


22 -15 -246


33 -15 -264


23 -5 -269


13 0 -259


8 2 -248


14 1 -241


19 0 -252


12 7 -263


8 10 -266


12 5 -250


20 2 -253


33 -2 -252


35 -2 -239


39 -7 -257


46 -14 -261


59 -1 -275


65 13 -290


67 17 -285


66 10 -257


68 4 -241


69 0 -236


63 0 -221


42 8 -204


22 12 -192


20 9 -194


20 11 -221


13 21 -240


-5 37 -254


-8 34 -242


6 18 -233


13 9 -226


-1 19 -226


-26 32 -225


-41 32 -222


-38 21 -232


-26 14 -238


-16 14 -248


-9 18 -269


-13 19 -264


-13 18 -248


9 24 -305


43 34 -350


33 55 -339


3 66 -283


-8 74 -252


10 78 -272


24 79 -279


30 72 -243


22 71 -204


8 75 -167


5 70 -170


21 61 -199


34 42 -227


31 31 -236


14 24 -212


2 10 -172


-4 0 -168


-15 0 -179


-23 10 -199


-25 15 -219


-6 4 -234


12 -1 -245


12 1 -257


2 6 -255


2 1 -246


9 -9 -242


6 -9 -242


4 0 -250


2 11 -266


5 16 -273


6 4 -255


-6 -4 -242


-16 -8 -249


-7 -21 -258


18 -32 -265


43 -19 -273


61 -13 -296


63 -17 -272


47 -8 -234


38 6 -241


52 12 -262


57 12 -262


42 14 -229


24 21 -220


14 19 -218


1 19 -196


-15 16 -174


-13 9 -173


-6 5 -189


-2 6 -205


0 10 -214


-4 12 -220


-13 15 -226


-25 13 -231


-24 4 -223


-30 0 -213


-40 3 -224


-32 15 -258


-8 9 -286


16 1 -292


16 12 -305


9 25 -320


-1 33 -290


-12 51 -259


-1 63 -266


39 63 -294


80 55 -302


77 58 -268


56 70 -236


46 86 -225


40 88 -245


49 68 -252


40 51 -233


15 32 -192


2 14 -168


0 1 -156


1 -8 -163


5 -7 -183


1 3 -207



2 5 -230


18 -7 -233


24 -12 -232


7 0 -237


-4 10 -244


-6 10 -259


5 -3 -262


6 -6 -252


0 -1 -257


2 0 -267


12 -5 -272


7 -13 -267


1 -22 -257


1 -24 -239


17 -14 -247


50 -9 -275


71 -22 -290


68 -28 -266


56 -12 -256


52 3 -261


60 9 -266


63 14 -264


53 21 -243


34 21 -228


19 17 -217


15 9 -202


7 7 -185


-5 9 -170


-17 14 -179


-21 23 -202


-13 25 -225


-1 17 -231


-1 6 -222


-18 5 -219


-27 2 -214


-31 0 -210


-34 -1 -223


-28 5 -241


-23 6 -258


-3 -11 -253


9 -12 -271


6 4 -297


2 24 -302


-6 42 -294


-1 59 -293


35 62 -320


68 50 -329


66 41 -281


39 44 -228


28 47 -201


33 51 -199


36 51 -199


47 40 -203


44 29 -205


27 18 -190


17 7 -178


11 2 -173


6 -2 -178


1 0 -186


1 1 -204


2 11 -230


5 16 -248


18 12 -258


30 6 -266


27 4 -268


9 7 -255


3 6 -247


2 8 -253


6 7 -264


8 12 -269


6 21 -267


8 22 -271


14 8 -269


15 -5 -257


19 -19 -251


31 -18 -251


55 -5 -276


79 -9 -306


87 -22 -282


81 -17 -258


71 0 -261


68 13 -258


68 20 -252


61 25 -236


44 29 -225


31 21 -212


20 12 -184


10 5 -155


2 9 -158


-1 18 -183


2 20 -200


4 19 -217


6 24 -234


10 24 -248


12 17 -242


-4 13 -211


-29 20 -196


-35 28 -211


-20 30 -250


5 21 -277


15 19 -278


10 26 -288


12 40 -286


23 58 -290


51 68 -303


86 68 -332


92 69 -315


60 75 -267


40 86 -236


41 92 -214


32 95 -205


32 79 -193


36 48 -179


25 27 -168


9 17 -156


7 10 -167


20 5 -194


25 4 -215


20 10 -229


15 14 -231


21 10 -235


27 7 -243


25 9 -251


23 10 -251


19 6 -253


13 2 -247


12 -1 -242


11 0 -256


11 6 -265


15 20 -273


15 18 -282


12 4 -270


11 -1 -262


26 0 -266


59 2 -293


80 -15 -288


74 -18 -256


68 -1 -261


70 10 -268


72 18 -266


63 29 -246


50 36 -232


39 29 -210


33 13 -193


25 3 -171


9 4 -153


2 8 -160


4 12 -181


9 12 -202


12 13 -219



17 14 -240


11 16 -255


-5 12 -240


-21 4 -213


-33 4 -208


-33 8 -233


-10 11 -264


5 5 -266


5 1 -264


10 1 -276


17 10 -278


13 34 -279


28 55 -290


58 69 -321


79 73 -338


73 74 -296


43 85 -243


35 95 -226


44 93 -215


45 78 -198


46 57 -185


42 40 -189


29 29 -186


23 23 -186


22 17 -191


21 16 -203


18 12 -206


19 11 -207


24 8 -218


28 8 -231


23 14 -238


17 18 -238


20 14 -242


23 10 -248


25 2 -253


18 3 -248


15 10 -262


18 19 -282


22 22 -287


25 12 -270


17 0 -252


13 -8 -246


30 -1 -259


61 4 -286


71 2 -279


69 9 -275


73 15 -276


70 24 -273


55 41 -261


41 45 -233


35 33 -208


27 20 -178


18 15 -161


3 22 -166


-4 28 -173


0 25 -185


3 24 -204


9 25 -225


14 24 -242


15 15 -253


8 5 -235


-7 -2 -205


-25 1 -204


-20 8 -234


1 13 -268


14 14 -284

8 14 -272


5 10 -272


1 16 -274


0 28 -269


-5 53 -263


-1 74 -271


28 85 -290


67 87 -313


92 83 -311


78 92 -283


54 106 -239


39 105 -208


30 89 -189


37 69 -192


40 56 -199


32 48 -205


22 39 -207


10 34 -191


7 27 -190


6 20 -195


8 16 -204


14 15 -218


18 17 -231


17 19 -234


20 15 -238


16 16 -241


7 19 -245


-1 17 -238


-5 10 -231


-4 3 -240


-2 4 -254


3 10 -265


8 11 -272


15 2 -273


22 -11 -274


24 -19 -260


22 -8 -257


23 -1 -246


33 2 -236


50 17 -265


65 34 -298


76 40 -300


66 47 -273


51 57 -263


47 42 -254


38 21 -217


16 10 -169


-6 10 -136


-15 12 -148


-4 11 -175


6 13 -207


8 22 -233


7 26 -249


5 22 -246


-1 11 -234


-8 0 -211


-16 -4 -206


-17 0 -224


-4 8 -266


9 12 -297


12 10 -296


11 2 -285


0 14 -274


0 37 -279


18 56 -282


36 78 -298


54 92 -313


57 97 -287


41 98 -238


30 104 -211


34 105 -207


36 96 -195


30 84 -188


23 70 -190


16 54 -186


14 39 -183


10 33 -182


2 35 -196


2 35 -207


6 30 -220


11 27 -230


9 30 -237


2 36 -237


4 34 -246


6 29 -245


1 25 -243


0 17 -243


0 9 -246


3 5 -254


15 5 -268


29 3 -279


33 0 -288


21 -6 -280


11 -3 -253


29 9 -283


82 5 -330


97 -7 -301


77 -2 -248


66 5 -235


66 12 -237


62 17 -242


64 14 -237


59 7 -221


43 4 -198


29 0 -170


17 -4 -159


10 0 -175


15 8 -201


20 12 -218


15 17 -225


6 15 -223


2 11 -224


1 6 -227


-4 4 -230


-22 5 -218


-21 3 -224


-6 0 -246


4 -1 -271


12 -6 -276


21 -5 -286


21 4 -302


14 18 -291


5 37 -280


